Compiled at May 27 2017 20:50:11
1000000
21067
15700
14910
15490
16019
15090
14900
14933
15524
15071
14627
15463
15186
16081
15691
15385
15050
14758
14818
13914
14849
14329
14340
15024
14932
14308
13728
13904
14179
14673
15053
15567
16135
15704
15582
15483
14948
14299
14747
14397
14098
14025
13326
13660
12812
14015
13756
13776
14163
14313
13936
13983
14576
15086
14348
14856
14246
14407
14427
13936
14160
15049
14933
14312
14805
15078
14259
13605
14730
14421
14542
14111
14690
13125
14929
14332
13856
14184
13843
14474
14343
14418
14637
13885
14741
14917
14585
14772
15381
14683
14392
14451
13341
14092
13554
14148
14385
13812
14891
14839
14716
14589
14204
13916
13277
14578
15174
14501
14179
15431
14361
14494
13727
14509
14536
14151
14009
14578
14286
14031
14496
5551
Program on exit...
